address,F1,F2,F3,F4,F5,F6,F7,F8,F9,F10,F11,F12,F13,F14,target_score
12KaZXHTmrKC6rEbs4itQFExwF4DXPXaYe,0,0,1.0,2.1731,0.5366,0.0,0.74,401,0,36,0.9474,1.0,146431.47,0.0526,
12NZrszf4Xve2mWVXxHhtaC4oi7Fcv2NoH,0,0,0.5,3.3175,1.5031,0.0,0.74,705,0,37,0.9524,1.0,691928.81,0.0476,
12P282LQdzB4V5B3NxQ3su7Gq7i5HUmzhZ,0,0,1.0,1.5725,0.5508,0.0,0.675,65,0,16,0.8889,1.0,312990.78,0.1111,
12QyRwMrptTcjMV5emFzcJSfG53EsSwR1H,0,0,0.2727,0.9972,3.6004,0.0,0.74,334,0,20,0.9091,1.0,50811.55,0.0909,
12WVaKpidbBV9kfL252JLKTUPJsBaBVWyY,0,0,0.5,1.3019,1.2778,0.0,0.74,399,0,20,0.9286,1.0,462487.5,0.0714,
12fTz228UrBUjrPgNRHARqJR6S2Ue45Equ,0,0,1.0,2.8284,0.8379,0.0,0.74,172,0,12,0.875,1.0,1450244.88,0.125,
12wfFpfm4Lu9c4z5XTHcMy1X8fUN5jdTzJ,174,174,0.5714,1.231,1.3619,174.0,0.74,340,1,17,1.0,1.0,364506.5,0.2,
12wvcoVYmChMFdvQnHJNEkKoNo4UWhoNHg,0,0,1.0,7.5056,0.68,0.0,0.74,524,0,30,0.9412,1.0,698160.88,0.0588,
12zQ46gDcE7HCkpgwQGuSx9E3rHNvnfKJn,0,0,1.0,1.9881,0.9956,0.0,0.74,371,0,62,0.9706,1.0,411439.94,0.0294,
143ozXPpfGbG2mTudJpJPndXR6qm1xwHGx,0,0,0.4545,0.9264,1.4971,0.0,0.7375,59,0,16,0.8889,1.0,3955194.89,0.1111,
14BXYmc1gAwFiWUpfC9JjeEYE9Tnk3bi2j,0,0,1.0,4.9329,0.3561,0.0,0.74,460,0,285,0.9939,1.0,17418.24,0.0061,
14LkcjcrWtwFsVjBN2EDw5XU5sbzB1MkJo,0,0,1.0,1.7578,0.4221,0.0,0.74,310,0,21,1.0,1.0,48604.42,0.1667,
14PnxVh287vKmXTo1jiQvb9ajns5G9P8Y2,0,0,1.0,2.4014,0.172,0.0,0.74,458,0,199,0.9903,1.0,65264.7,0.0097,
14TZjatQp61zn6sgn3kQrnb5VFw3pJ97JN,0,0,1.0,2.8333,0.5931,0.0,0.74,332,0,22,0.9167,1.0,304887.92,0.0833,
14bqF3MvE3Sw8atrb4vR7NDzxJQaobPt13,0,0,1.0,1.3801,0.2474,0.0,0.74,225,0,16,0.8889,1.0,48869.33,0.1111,
14vhnHAT2f9nYRbkaYssgYJF8dZtsobEJZ,0,0,1.0,3.5355,0.4741,0.0,0.74,278,0,89,0.9833,1.0,241316.13,0.0167,
14xnRb4MZGH88yZvL5Pe2fc8cq3bWMAPwu,0,0,0.15,0.5561,3.0422,0.0,0.74,252,0,14,0.875,1.0,573207.0,0.125,
15BSkbDYtsc4tjqxZMJd9QkNeWa63PGtqA,584,584,0.5,0.772,1.8525,325.0,0.74,611,3,38,1.1053,1.0,660333.05,0.1818,
15HZoisN1xdevAkLrHTWwRg4qVGn6LXfkW,0,0,1.0,0.0,0.0,0.0,0.675,3,0,66,0.9737,1.0,22512420.05,0.0263,
15KM4gz58KXin6UPY4xYbyUX5QByUupyyN,0,0,1.0,3.4881,0.9134,0.0,0.65,17,0,234,0.9915,1.0,97024.51,0.0085,
15LrpadABYi7NPusvMGGnJXC8smHMaCoWD,0,0,1.0,3.0957,0.6164,0.0,0.74,235,0,11,0.875,1.0,328529.0,0.125,
15R8tcPmBcJwpN5saEoyBoh2aNnPKSQQnQ,0,0,1.0,2.0,0.3801,0.0,0.74,397,0,107,0.9818,1.0,276598.27,0.0182,
15fxV6XrxM1oSiULQDdvvfafVYGUCAVigG,0,0,1.0,1.2933,0.8357,0.0,0.675,2589,0,240,0.9917,1.0,75582.13,0.0083,
16BdGkudrqn6TBzgg5aUpYBaZA9RLM5TMM,561,561,1.0,3.4667,1.979,172.5,0.74,378,4,38,1.1667,1.0,430876.91,0.2273,
16UR3kBjysE2FtAvMttG29hYGFtNtf9hhA,0,0,1.0,1.6415,0.5127,0.0,0.675,7,0,176,0.9888,1.0,285149.97,0.0112,
16kMAg3mTz5o7aXnsr6P7VzZAMLMUkLmfS,0,0,1.0,3.5355,0.1265,0.0,0.65,59,0,34,0.95,1.0,69319.2,0.05,
16kNBEdcfiVJHVXsLqa9hRwbd4tYTXfeT7,0,0,0.1429,0.826,3.381,0.0,0.675,75,0,16,0.8889,1.0,17566666.67,0.1111,
16pc75TGhoMu6b74DYvJsebmT84oiHvLKd,0,0,0.1765,0.4472,3.0556,0.0,0.675,13,0,16,0.8889,1.0,3153170.33,0.1111,
17EarjkjaqaKS47acZPMfptDiy6CeyPbkV,0,0,1.0,2.9155,0.2586,0.0,0.74,624,0,341,0.9951,1.0,950053.7,0.0049,
17N6aRXMRNKRbsTL12X17xzGC2EvuZSxeQ,0,0,1.0,3.5389,1.0372,0.0,0.74,427,0,36,0.9474,1.0,297831.58,0.0526,
17RNV8vBMdX8VWpdJ5Ye5LhHZWRaai9uhN,0,0,0.8571,0.7755,0.8727,0.0,0.675,65,1,14,1.0,1.0,104195.36,0.1818,
17pZdpK6kq79Vb2iPraxry5XFTZwXa7YZU,0,0,0.2903,0.668,2.874,0.0,0.74,352,0,24,0.9231,1.0,183727.69,0.0769,
18UEMVFDB3qjNPjsVBo1eC76jqQxinzvot,0,0,1.0,3.7749,0.5787,0.0,0.775,33,0,49,0.9615,1.0,30399.15,0.0385,
18viUYcrMByXkyFWGm3GS1EXpdhTM23fCp,0,0,1.0,6.364,0.9509,0.0,0.74,572,0,111,0.9833,1.0,151527.68,0.0167,
18yu9NqutuAra71Rm1uJt3xGrUv1mrLPQG,0,0,0.625,1.8619,1.9134,0.0,0.74,275,0,63,0.9714,1.0,139920.66,0.0286,
19Cyn8tqAzWUyHo1yBBqmYqEAm1kKDzYk5,0,0,1.0,3.3139,0.6844,0.0,0.74,316,0,398,0.995,1.0,140036.76,0.005,
19kkh4c3ciMmNoXCAaGkitx3MHDpGaQ2Hg,0,0,1.0,1.633,0.982,0.0,0.5,4,0,14,0.875,1.0,168072.38,0.125,
19maLUtvuG9KEEfnhzD8LmWSmDXQ6TtWsu,285,285,0.6667,1.442,1.0622,144.17,0.74,494,12,30,2.0,1.0,403048.74,0.5652,
19nFNNb87GfF6Rhj3gx7JtreDM9bM59NEt,0,0,1.0,1.7078,0.0664,0.0,0.675,11,2,76,1.0256,1.0,6433275.02,0.0732,
1AEcJq1csxqwA246XnJzPYJz5ew4rgeweF,1,1,1.0,1.9164,0.9944,0.5,0.74,342,2,16,1.1,1.0,825406.92,0.25,
1AKftAdpLbQ14FJKiURR9FvFu3Gdn83xWb,0,0,1.0,0.0,0.0,0.0,0.675,45,1,414,1.0,1.0,1050927.82,0.0048,
1AXNAiYCPLfVx1WGvKxcBKm5BxrdWZ4V2N,0,0,1.0,1.4163,0.7264,0.0,0.675,365,0,228,0.9913,1.0,177906919.1,0.0087,
1ApaXqVWaZLkLWaC2S3tZLtJcc8kvL15gi,0,0,1.0,1.3292,0.4425,0.0,0.74,245,0,82,0.9762,1.0,401583.38,0.0238,
1Aq7X3vBZLEMhpk5qSCzAM3ooPkpqek6iL,253,253,0.5,1.4755,2.8224,253.0,0.74,441,1,25,1.0,1.0,655284.71,0.1429,
1Ar7SRnn1zSXosmPktgeA14VwPqY8GTVyB,0,0,1.0,1.6036,0.3975,0.0,0.74,240,0,16,0.8889,1.0,134955.11,0.1111,
1AtJcc2tuyC4yRKx23kN5pDFw13GerFEwH,0,0,1.0,3.5355,0.2848,0.0,0.74,380,0,96,0.9811,1.0,35004.62,0.0189,
1BoFF1ukWvg6XqnJANAgWBCvyVvEy2m77K,0,0,1.0,0.9808,0.3952,0.0,0.5,4,0,82,0.9762,1.0,230156.19,0.0238,
1Bp4rNYEFhp5nxkh5mQqsUYn6RZtAsiu2M,0,0,0.5,1.4012,1.9247,0.0,0.675,11,0,108,0.9818,1.0,190382.98,0.0182,
1BxUrVHyyKKxFZn7fSrDkQy1sCGap89MbF,28,28,1.0,5.5827,1.1749,14.0,0.74,494,2,57,1.0263,1.0,389010.92,0.075,
1By9eGaj3qfEwFt6eNEFBKNyRH1Wfsdr1u,0,0,1.0,5.8109,0.7666,0.0,0.675,3,0,48,0.963,1.0,88494.41,0.037,
1CG6mQoD5zpVgBVkft8ewqxiVW25BtVkcn,0,0,0.625,1.4532,0.9213,0.0,0.74,381,0,316,0.998,1.0,231762.5,0.002,
1Cbyu7qZCseZ52UynwSvBfBEzJWEHmX6Mh,0,0,0.098,0.4158,4.2279,0.0,0.74,266,0,12,0.8571,1.0,241191.43,0.1429,
1Ct4Y2u9NfQawcPD5xBVDVawESFtTbEUfY,0,0,0.3793,0.6548,4.4769,0.0,0.74,544,0,30,0.9375,1.0,96006.31,0.0625,
1CthmYj3YKaGCbZuPyQiwP9R2Bnk91jFpi,0,0,0.625,1.5289,1.1952,0.0,0.74,659,1,54,1.0,1.0,570187.34,0.0488,
1CwwvndFWQsWx7rQDrp2vDT5mtSWbtXH3K,0,0,1.0,0.5,0.574,0.0,0.65,89,0,189,0.9896,1.0,94167.47,0.0104,
1DDujBCtAcLek3ch9J8Ys5nXvTA7YZhXYh,0,0,0.7143,2.2742,1.0682,0.0,0.675,6,0,207,0.991,1.0,414416.9,0.009,
1DbCAGNVHwdMGEjyLDzAWKxyxf4omVxnUC,0,0,0.5263,0.8275,1.6585,0.0,0.74,543,0,28,0.9333,1.0,79953.13,0.0667,
1E6YDbQxsGGjbVNTuMVgU2fPxFGbSNBXzU,656,656,0.2609,0.768,2.3917,171.95,0.74,660,22,22,22.0,1.0,10685.7,1.0,
1ECdywwTYB4UwfjEenBuw7ryfvKrLJFj5B,386,386,1.0,7.7675,0.8257,230.33,0.675,5,6,359,1.0142,1.0,64675980.09,0.0195,
1EMozQWcfSuYoxJA819mKEWe2DY2nCMymm,0,0,1.0,1.4769,0.5929,0.0,0.74,225,0,241,0.9918,1.0,262941.33,0.0082,
1EQoBXmnZezfszJ95WzcCmf3Hkt5QAVc4r,122,122,1.0,0.0,0.0,60.04,0.74,148,28,70,2.0,1.0,648764.45,0.5273,
1EWVrXMjQdjDcX8FhPUe7Lh2ERKxARxn24,0,0,0.32,0.7535,2.8956,0.0,0.74,383,0,41,0.9545,1.0,910145.32,0.0455,
1EnzwZiUWt93Yak9FoKkhAViMRai6dCkoW,0,0,1.0,0.0,0.0,0.0,0.7375,25,3,97,1.0417,1.0,7208494.12,0.0784,
1ExpT1n4wkW1g2n7iccmQCExt7nLXWTmcX,0,0,0.7778,1.2632,1.6231,0.0,0.675,4,0,54,0.9643,1.0,1522035.71,0.0357,
1EyPYnTLwAdLSUXHiH7YCajk9bnRT7MAHK,56,56,1.0,8.0156,0.3381,56.0,0.74,21,1,334,1.0,1.0,471311.51,0.0118,
1F982hR2yCo3MaEC9itRsqArcJaE8g3kgp,0,0,0.4138,0.5348,2.4048,0.0,0.74,301,0,36,0.9474,1.0,232779.74,0.0526,
1F9P32hYCZXxJbqVaK9xaZsNDJaD5GH5CX,0,0,1.0,2.031,0.5442,0.0,0.74,222,0,101,0.9818,1.0,35181.05,0.0182,
1FCemRhcrGVxgCE9anN965ybNt3wnCV2bp,560,560,0.5455,1.5771,1.8578,540.5,0.74,583,4,110,1.0508,1.0,834455.75,0.0794,
1FJ7kJseBjpUUqYEarZct19jzekMgiRFj8,559,559,0.35,0.614,3.2584,438.5,0.74,627,4,16,1.4286,1.0,106202.55,0.4545,
1Fc76JN3hHbA12HMBP9pLwsKMR1stmoxuC,0,0,0.5455,0.9113,1.6964,0.0,0.675,6,0,14,0.875,1.0,2634600.88,0.125,
1G1Dn259frxdgbjmb7m2nP3QFxPkbnwuTP,14,14,0.6667,0.5762,1.2997,7.0,0.74,864,2,43,1.0256,1.0,47425.73,0.0732,
1GNXepQPBUj2HnWCz4AL1SR7UeLPA8Ykc9,0,0,1.0,3.4761,1.3954,0.0,0.74,628,0,66,0.9714,1.0,1224351.34,0.0286,
1Gaqww3u56r34fUKdcr3FXrB6UQjGdQgiH,0,0,1.0,3.4303,0.7222,0.0,0.74,361,0,441,0.9956,1.0,19221.4,0.0044,
1GyzXpg5sDQ1ZP2tT7LTar2s9U7a8Atqua,0,0,0.4286,0.7257,1.8436,0.0,0.74,298,0,14,0.875,1.0,37473.38,0.125,
1Gzp1BpZPEzNqQvbwtRdDhr3ExB9VArD76,2,2,1.0,0.0,0.0,0.77,0.5,26,13,126,1.125,1.0,656842.06,0.1284,
1H9xnSds6qRW1wc3xZtr6k5fEvFCfAyXbm,0,0,1.0,1.7889,0.4079,0.0,0.74,234,0,14,0.875,1.0,25451.75,0.125,
1HY6ENRZ3jveRZF7q7GgsAbYWi2j9dXgdx,0,0,0.2,0.581,3.3015,0.0,0.675,29,1,20,1.0,1.0,610230.62,0.1538,
1JzGioYrBttktF48pNBQL4Y52QtfWo8hET,0,0,0.4444,0.5446,1.6214,0.0,0.675,89,1,51,1.0,1.0,28005294.0,0.0392,
1KM3z5eTNNYohDKqWjPLMsLrM7LpjtjPLD,0,0,1.0,6.364,0.6849,0.0,0.74,334,0,772,0.9975,1.0,100930.75,0.0025,
1Kcr48JW9zW5kv1wvAtvDFKLjuN2rYmHoq,0,0,1.0,1.5526,0.9983,0.0,0.74,279,0,108,0.9818,1.0,561488.53,0.0182,
1L7NLGTajoS946akPZVm1pbsc4cDMktq98,0,0,0.5714,0.9005,1.3852,0.0,0.675,8,0,26,0.9286,1.0,211925.5,0.0714,
1LTF7Rr9MjSRhJYT5JQzWvxfcspR5kqXCH,117,117,0.8,1.4246,0.8803,116.0,0.74,535,2,20,1.1,1.0,524598.33,0.25,
1LseqTGojcqsH7D22fDnbT2pPfwXVuXoj3,391,391,0.5,0.7923,3.0391,391.0,0.74,546,1,25,1.0,1.0,340542.79,0.1429,
1MD9ctoVpsqQA3wM1qYKbZjCGVWLXRBRS6,0,0,1.0,1.3973,1.2626,0.0,0.675,5,0,122,0.9839,1.0,194455.08,0.0161,
1MWn5M7jo8YCYmhh2QdfSAUsfctxWvrxPR,0,0,1.0,0.0,0.0,0.0,0.65,32,1,147,1.0,1.0,3614265.22,0.0136,
1Mer4m4LnowC5xkHcSjk9rfZRaLVcmLSCt,113,113,1.0,1.8708,0.7736,71.33,0.675,8,3,195,1.0204,1.0,8242616.74,0.0396,
1N4y1qNACmDeYDAFy91wuMxbgbU7GaP41n,0,0,1.0,1.3284,0.7233,0.0,0.675,1603,0,236,0.9916,1.0,165547103.93,0.0084,
1NDPjuvKdxWzHZUQT9knQjgYntcjW9poKk,0,0,0.6667,1.9164,1.535,0.0,0.74,598,0,411,0.9952,1.0,235416.98,0.0048,
1NE1S7bfPkZKwfzhgWiJFvHJcNorwaRuVi,0,0,0.8,3.1091,1.3462,0.0,0.74,376,0,32,0.9444,1.0,316429.78,0.0556,
1NZLhYzQGLwcFamWYUB9SUwRFer6nKV4Yv,0,0,1.0,2.5318,0.9649,0.0,0.675,2,1,40,1.0,1.0,284826097.56,0.0488,
1NuHkzPxxhvezJ27gsMwzn1CtcLsegGJKT,453,453,0.6667,0.5676,1.8239,230.27,0.74,617,11,21,2.6667,1.0,53653.24,0.7059,
1P9B7MoBWAq4jw5bPtbwZZmRizT336ratq,0,0,0.75,1.2617,0.9801,0.0,0.74,644,0,147,0.9867,1.0,541801.87,0.0133,
1PZ7KomERX5KHJiZb3zarFe77PnLqmQwfu,0,0,1.0,2.5728,0.7957,0.0,0.74,254,0,105,0.9815,1.0,59055.24,0.0185,
1PxKQTRNyLxdUWfHeVB54xsHYXN6CKTXDG,322,322,1.0,1.1253,0.3221,184.7,0.675,180,102,102,102.0,1.0,89873.37,1.0,
1vVQDncrrBmNBimWJ2Y9HEq8DU2HmBgJ8,0,0,1.0,2.2361,0.5423,0.0,0.74,398,0,18,0.9,1.0,49884.1,0.1,
31v5xjehSuxvbEo62eSh7tCS6ajQzfxEqw,0,0,1.0,0.0,0.0,0.0,0.74,263,3,305,1.0065,1.0,30203332.49,0.0129,
328KAcXAP1kVNSYgQkiAsbhmAQ7JEWXDnP,0,0,1.0,0.7071,0.106,0.0,0.725,15,0,90,0.9787,1.0,366986.02,0.0213,
32wtroZGHFDnK3GZXoUfn9eWF24ywxkyBJ,42,42,1.0,0.9808,1.0728,42.0,0.74,175,1,47,1.0,1.0,573687.44,0.08,
33sX88p6pYToQzv8kxJuaR9hqbeSHpwhbN,0,0,1.0,2.5391,1.1759,0.0,0.675,92,1,132,1.0,1.0,54824.9,0.0294,
373KtYEHa2wbXLNn5e3QL8DPeASxN8tz9s,0,0,0.7692,0.9324,1.2627,0.0,0.7333,14,0,28,0.9333,1.0,3161039.67,0.0667,
37MXURbuCEE25p1opJPo6Sf3wxeyPy7hzp,0,0,0.1463,0.6612,3.3972,0.0,0.74,247,0,22,0.9167,1.0,809464825.75,0.0833,
37UuXQrFDKERDrX3eMBjcMbwa2sCRgeeMh,0,0,1.0,3.0472,1.3372,0.0,0.675,2402,0,333,0.9944,1.0,341544.54,0.0056,
37b4hLQdfT4cPU5wGJEpTY7bA8FVxym8Mp,50,50,1.0,0.9639,0.5619,27.0,0.74,446,8,70,1.2188,1.0,27426.85,0.225,
37bKq5PYKhF1CQV2Zzh53qHV5zJ6qVLsSf,0,0,1.0,2.1213,0.7063,0.0,0.675,21,0,42,0.9706,1.0,365123.06,0.0294,
37gJULZCiiijtzw93pEx9w4XCMtwxqPmGM,0,0,0.15,0.7391,3.9936,0.0,0.675,97,0,12,0.8571,1.0,58348.0,0.1429,
38CKP4KJ2PSZBDpp1MhTxgXsnYSzK9JdUE,14,14,1.0,1.5275,0.8724,7.0,0.74,531,2,165,1.0118,1.0,336884.07,0.0345,
39dDUpcw7RsMYmeEyRsoYqJNWpVjyUGHUj,0,0,0.8,1.4927,0.6761,0.0,0.74,618,0,105,0.9815,1.0,21620.52,0.0185,
3BLnBBcjGGeza5imQ1rpLwbcUPkMvW1TkX,0,0,1.0,3.5355,1.2199,0.0,0.675,59,0,26,0.9375,1.0,129879.25,0.0625,
3BQfH2u65TkPQEtDeUqkfmWCCd7Ub65Nik,0,0,1.0,0.9759,1.3877,0.0,0.74,77,1,324,1.0,1.0,936808.94,0.007,
3BmMGVsZRiNRtgyNqbgCpNcsvDwZ39EyPv,0,0,0.3636,0.9553,1.5154,0.0,0.65,14,0,53,0.9688,1.0,2621774.97,0.0312,
3CAQzPUQQiQqcpC565MYhn5vX7ENGoZ5rA,0,0,0.7857,0.5675,1.1405,0.0,0.74,406,1,27,1.0,1.0,14968.56,0.125,
3CSJEpawu2UYvEKqSHLxyuJLumAoiAD5jf,0,0,1.0,1.9745,0.5975,0.0,0.74,523,0,76,0.9744,1.0,309404.26,0.0256,
3FSHyKmsesGDMcQroscnSjJwnm6VEwt8bE,289,289,0.75,3.0883,0.6998,138.57,0.74,220,7,126,1.087,1.0,148315.8,0.1053,
3FoJD8s29SWwTfFvv7Y7DBU1g4sFCx5nCT,0,0,1.0,2.4495,0.9529,0.0,0.65,19,1,15,1.0,1.0,88584.45,0.1818,
3GbifTb2mWiW1KG6CDjmwsUrwUUoZppx8s,0,0,1.0,1.3284,0.3374,0.0,0.675,109,0,133,0.9853,1.0,128561.56,0.0147,
3JVd4hX6FijjNbijZMTp8MsamKmcnUzkAj,0,0,1.0,1.6787,0.6651,0.0,0.74,391,0,18,0.9286,1.0,58634.21,0.0714,
3LNwYQSgprgAwiHmsD5tubRRnhU8VVEg7C,0,0,1.0,2.5298,0.707,0.0,0.74,49,0,12,0.8571,1.0,8488.86,0.1429,
3LuUsoyzCDArBr7RD19Q39WqH5yeEkxQ1G,0,0,0.3529,1.0077,2.3783,0.0,0.74,394,0,38,0.95,1.0,295200.0,0.05,
3Msw7iS4mGcDXFfUusovJdH6kgJ7q6T333,0,0,1.0,4.1473,1.3386,0.0,0.675,2552,1,172,1.0093,1.0,222347.28,0.0275,
3NuCpUzfc7Ha6EYRN8rXrWMr7LYPWgR3dz,0,0,0.4615,0.9091,3.5329,0.0,0.74,44,1,88,1.0,1.0,1410402.37,0.0435,
3Pt6nzNYJCqZdxAAXznd22cTPegmVSGp98,0,0,1.0,1.0541,1.5515,0.0,0.6167,13,0,10,1.0,1.0,27585.71,0.2857,
3QPYBNaRa2zzD4uUrzqzMehMJeFjd53f57,0,0,1.0,2.3629,1.1478,0.0,0.65,23,0,84,1.0238,1.0,26022020.84,0.0682,
bc1p0tcy8xn92tcj2pzny0ntn2ve2c8penumc2tspp9q2v2qmr6v0tuq3fhnaq,78,78,1.0,4.3589,1.2964,26.2,0.74,80,5,127,1.0342,1.0,7609053.98,0.0492,
bc1p2pdrlqa758cvxwrlfk3eqxr9cjqsk85rlf5t7f5kuu3xd083xsfs8fn7f0,1,1,1.0,0.0,0.0,0.47,0.75,2,19,227,1.0896,1.0,959476.59,0.0909,
bc1pt4kpqfrkuvxxz37ltfg87t3fhqx3gjpamr3n6pze97r0r45xldtq0rfv5v,0,0,1.0,0.0,0.0,0.0,0.7,1,2,35,1.0159,1.0,138341.72,0.0462,
bc1pwegg8tjffkeauuupk5fx4zz6q5vps9l769nd8zmyfpgs863pnalsay9xsf,10,10,1.0,0.0,0.0,3.33,0.6833,11,3,50,1.0211,1.0,88694.93,0.0408,
bc1pxxfa73fkgqv9x7pwxzq630tsyyu6qhzgxqeuuxk0p27kq9yle70qf6k3rd,0,0,1.0,3.5355,0.2145,0.0,0.7,5,2,32,1.0179,1.0,927903.88,0.0517,
bc1pytuzwy5r9c6mm2hndf35zeas5e4qn8vcwcuj5gdnqdpttw7jjy6qvqtvtw,0,0,1.0,2.3401,0.5194,0.0,0.74,117,1,22,1.0,1.0,423143.07,0.1429,
bc1pzmgssx94xgz4wnmxd4plc8qurvq89mqm8pzpfg3v5xa9j6q0r4gqeza6cp,0,0,1.0,0.0,0.0,0.0,0.6875,10,3,22,1.0811,1.0,53043.71,0.122,
bc1pzw026u0gus28q9lnrdu3435vtgm8xzs57ruekae72gp5cmqjafrs4nj3df,121,121,1.0,2.4495,1.3808,62.08,0.74,643,60,94,3.1852,1.0,233410.16,0.7011,
bc1q056nv7y2ehh80r9l70vte4rwwlu5yh0vzyfg4k,8,8,1.0,5.1478,1.4113,5.67,0.675,12,6,28,1.2174,1.0,498482.34,0.2414,
bc1q0jlkx7v0jze4ckvhen5yakr7k6td2msgh2yal8,0,0,1.0,3.7749,1.3062,0.0,0.775,27,1,49,1.0,1.0,334272.05,0.0455,
bc1q0y2ucfwhmxwgttq92hjmfjw6e76cl87ufe8sel,26,26,0.8333,2.0015,1.7039,13.6,0.675,17,5,74,1.0597,1.0,91304.11,0.0833,
bc1q25xr2t9jzk7j8qv9hnjtph78vqwx0ppx6lkfkn,1,1,1.0,0.0,0.0,0.64,0.85,1,44,44,44.0,1.0,214260.31,1.0,
bc1q26ktctqhyuppyaza8sm8y7n2g3y66ynrh9ak70,0,0,1.0,5.6862,0.1071,0.0,0.65,171,2,27,1.0417,1.0,161073.77,0.1154,
bc1q28z8eh6a4c3mtntjmwdj53lm2k33vv2gx0a7smrllycva3xpa3vq998ryh,57,57,1.0,1.2583,0.761,20.67,0.675,69,6,85,1.119,1.0,39982.46,0.1458,
bc1q29q5v7q6t08ld56752kj0mqxvy4ul5d5n4fkn0kpxy826nr9w5vqnxs7yx,0,0,0.7778,1.2755,0.8311,0.0,0.8,26,1,29,1.0,1.0,358576.88,0.1176,
bc1q2g7d23p7wt0l3n6xwfqs70hpe6teh3xmgmhfxf,117,117,0.8,1.4975,1.0657,91.82,0.7375,27,11,11,11.0,1.0,3776153.33,1.0,
bc1q2psajsfmu7ufq2klc9wneh0egwv875553vr57q,20,20,1.0,2.0226,1.1658,12.0,0.7833,17,5,23,1.2105,1.0,196461321.25,0.25,
bc1q333m2htk3y6txkv5a7tvqy6a8227sjc55yfpx6,214,214,0.875,0.9379,1.7417,90.09,0.74,132,22,22,22.0,1.0,119189.17,1.0,
bc1q35zwv8reuskn56c5e5zl7jqwlledxaczn2595z,0,0,1.0,0.0,0.0,0.0,0.74,151,0,334,1.0,1.0,61453.22,0.0112,
bc1q3l7tu73clvx72ugw97dltgtxu8z4ace7y74mzd,180,180,1.0,0.7971,0.4853,73.35,0.675,191,17,17,17.0,1.0,1325802.61,1.0,
bc1q3lv2l5lpf50qjfpw23hxy272kmfyxsf4445g7p,3,3,1.0,3.2587,0.8413,1.5,0.85,4,2,66,1.0286,1.0,214285.78,0.0811,
bc1q3ppkdaemnn003n95ufzl4cjgve9krp3srj8q65,15,15,0.4,2.0555,1.9618,4.0,0.67,41,4,97,1.037,1.0,4294090.15,0.0588,
bc1q3r7ut0k556tyqx3hsxgztc3wv84jzkx6l4hl9r,73,73,1.0,1.5903,1.0066,24.33,0.65,23,3,29,1.0741,1.0,1316083.27,0.1333,
bc1q3zwt70ylfmcd7jch6dat6av2r9syvvex5jmspg,0,0,1.0,0.0,0.0,0.0,0.85,5,4,350,1.0347,1.0,55250.51,0.0401,
bc1q4575zeceve4pvfk4vyt5m5ureskjpx0ltr6jhy,26,26,1.0,2.3805,0.3963,14.0,0.5833,43,3,21,1.1053,1.0,2205755.36,0.1818,
bc1q4azffed0cen5ahepv9usvl045ytj4q3m6efe8c,2,2,1.0,3.1623,0.004,0.67,0.65,26,3,46,1.0488,1.0,81458.02,0.0909,
bc1q4j5q2s2fkjj69sycrd4pp5r6gdyzn2ldsk4mt8,0,0,0.3182,0.5724,3.5253,0.0,0.8167,24,0,16,0.8889,1.0,73307.44,0.1111,
bc1q4u5rquxggk09tchlllzav08248sq5dca6np4p2,1,1,0.2308,2.1827,3.1906,0.5,0.74,125,2,183,1.0053,1.0,258834.16,0.0159,
bc1q4zmn78du8fe7z3jx8g4l4ap5hduj74d98vmhhq,3,3,1.0,1.7224,1.0166,1.5,0.8667,12,2,172,1.0059,1.0,2691698.52,0.0175,
bc1q4zy3yuv3ldw6egrypy0y5ewrvyfz48jz3lsevm,0,0,1.0,0.9759,1.0696,0.0,0.7375,42,0,20,0.9091,1.0,1359470.91,0.0909,
bc1q59sm6g680cdjucgjfg76xy5a8mzjxe6xnr9ngd,115,115,1.0,0.7019,0.9757,66.1,0.65,44,10,11,5.5,1.0,1175360.92,0.9167,
bc1q5dv0f6cgvkf6n3fg72w6quhwe74jt3rxackzp3,0,0,0.8333,1.504,1.0875,0.0,0.74,67,1,67,1.0,1.0,286865.83,0.0571,
bc1q5fzlrn2hv66kyup705jxkyu505m84k97pfn40e,0,0,1.0,4.1633,1.2021,0.0,0.65,24,1,457,1.0,1.0,4952926.34,0.0058,
bc1q5g94jyuzvz4ka9457sjxqelfvq5twjrvka37hz,0,0,1.0,1.2693,0.5354,0.0,0.725,4,0,175,0.989,1.0,80115.6,0.011,
bc1q5kk9kx8eeknczxuurszw3m26exx2d2836jg0msjyeju4yzkgy3zqmg0ty5,320,320,0.7273,0.785,2.489,212.04,0.74,94,23,42,3.0,1.0,5087980.59,0.7059,
bc1q6mquyu65m79p05kas7nuvwjhtn0z4sl957cxq8,0,0,1.0,0.7071,0.1251,0.0,0.74,327,1,125,1.0,1.0,10924.69,0.0299,
bc1q6ncnnqm59rtx5jqv0uz7e625yhsnlwvhw7n0s9,325,325,0.6667,0.4623,0.9341,209.64,0.675,10591,14,14,14.0,1.0,108423.27,1.0,
bc1q83xe9fccu7lsgqummpj3fcdzvd30ddmxdcr3j6,0,0,1.0,4.9497,0.4383,0.0,0.85,3,2,77,1.0233,1.0,187240.13,0.0667,
bc1q84csu30qddvgdcwcfjxyt27d2z5hv7p3rq4xr2,0,0,1.0,4.9244,1.3626,0.0,0.675,50,0,133,0.9884,1.0,3204397.35,0.0116,
bc1q8pjzl3hecxm5n7wd3azvhyt3acpdc4zjss2n78,0,0,1.0,0.0,0.0,0.0,0.675,145,0,639,0.9969,1.0,554048.1,0.0031,
bc1q8xh4qfx645nr73crszp2rzjkclqqf8vnlayydp698em83tsq2u4qgwh4z5,0,0,1.0,11.2064,1.2381,0.0,0.74,200,0,45,0.963,1.0,105842.07,0.037,
bc1q8zk6x6rawu3nfxwqeaewk8u3q307muuk5tkvgt,0,0,1.0,6.364,0.2945,0.0,0.675,32,8,506,1.0201,1.0,2061999.8,0.0252,
bc1q96ujd34hrl2zz9hgc4r5fuejxtlx33uyght53v,0,0,0.8571,1.0127,1.2726,0.0,0.675,346,0,24,0.9231,1.0,295830.08,0.0769,
bc1q9c67m9yetwpy0djr4dgq2ksw305zch7h3xkvwh,0,0,1.0,3.5978,0.9912,0.0,0.85,27,0,112,0.9825,1.0,238702.77,0.0175,
bc1q9ft0g9er2cy7ugdjsa45jvu302v0eh2elzzdq5,3,3,1.0,3.0,1.1548,1.5,0.85,36,4,140,1.0423,1.0,197973.45,0.0667,
bc1q9gq2gq4k8k7emqwgf55eh5k3q36dmy29qw6dtx,268,268,1.0,4.5735,0.0099,88.46,0.74,317,13,260,1.0484,1.0,933783.2,0.0536,
bc1q9m2ek7l33farueajhxp9pdzmqyh0lj3enr6j8q,0,0,1.0,2.6367,2.0436,0.0,0.74,284,1,79,1.0,1.0,408459.06,0.0392,
bc1q9ql7uecratmgtynu270ypqt9896z36qzndc98a,0,0,1.0,0.0,0.0,0.0,0.74,303,1,54,1.0,1.0,314749.81,0.0417,
bc1q9r8w0q2yplse8d8evxeq6zg692anrfudq483gw,0,0,1.0,1.2019,0.119,0.0,0.74,419,0,110,0.9825,1.0,136307.3,0.0175,
bc1q9zxyuhfan96qz94rw8rzulsd5z5wl8u42u8exr,0,0,1.0,1.832,0.7558,0.0,0.85,26,1,126,1.0,1.0,103555.48,0.0308,
bc1qa960ja5xh9r6w5sgew8jn50gygl6wxwfm7vjkf,0,0,0.7143,2.0069,2.2295,0.0,0.7375,68,0,20,0.9167,1.0,810498.0,0.0833,
bc1qah0naglwceevmv2anf6wxrmvnhz2wvjv35z89q,0,0,1.0,2.7603,0.7191,0.0,0.675,65,1,105,1.0,1.0,3286154.83,0.0198,
bc1qakk8y5d3cn3say0juvpvwsvw9exvu3p3ejewkg4srw2rje4lz55sygp59u,223,223,0.6667,1.0344,1.4281,160.75,0.7333,18,4,16,1.4286,1.0,72837599.18,0.4545,
bc1qalgl7dv6a4p6n6e4uxjhxkg7lq5vdranx98phc,0,0,1.0,2.0616,1.2543,0.0,0.74,156,0,118,0.9836,1.0,56911.66,0.0164,
bc1qanpywufagdg25pr5yt6x959vlflp5wwcwxfhp4,0,0,1.0,3.5119,0.0061,0.0,0.74,1269,0,245,0.9923,1.0,613475.31,0.0077,
bc1qaqa42hgj2mtkrcen7lf8emwrjl6g077pj0n89c,19,19,1.0,2.8868,0.2044,10.2,0.65,79,10,10,10.0,1.0,42700.73,1.0,
bc1qaqtu57u9dgwcmdu9xnu77v4da59me5ydekmryw,0,0,1.0,4.9497,1.3928,0.0,0.65,101,1,368,1.0,1.0,42564.02,0.006,
bc1qayvvhpyf7kve5fqnf5vavkhpu88430dvmunhaw,225,225,1.0,3.1754,1.1783,113.8,0.74,67,25,125,1.2376,1.0,2502839.4,0.2063,
bc1qazjn42pcwl4j7lcdqgtcwgfcq927aw4wuvwny9,0,0,1.0,2.1671,0.902,0.0,0.85,67,1,29,1.0,1.0,67370.69,0.125,
bc1qazmhgrk67kuet0w8sx90djud49a8xus5egafl8,0,0,1.0,1.4013,0.5696,0.0,0.85,7,0,13,0.875,1.0,2227255.75,0.125,
bc1qc2uwtagfgt88k0e3vjcyah94s6ec5tr0prjk75,0,0,1.0,4.9497,0.6879,0.0,0.85,4,0,102,0.9855,1.0,250384.91,0.0145,
bc1qcge36yu7u6tgl2f8cnkze9kxcj03q3gx0q3afl,0,0,1.0,0.7071,0.507,0.0,0.74,255,0,11,0.8571,1.0,17634.14,0.1429,
bc1qcl3mmdh7pa22dgw9fucgutqj7pp5z75t4fc98e,0,0,0.2857,2.1828,1.7332,0.0,0.675,43,8,19,1.7778,1.0,46137220.35,0.5294,
bc1qd87pkh0ueqk8xzgp32rjw5u8fnptg3hed4agpz,0,0,1.0,4.9497,0.4082,0.0,0.85,7,5,372,1.0114,1.0,610558.05,0.0169,
bc1qdrhjnp963arm0nwples8r96gwzkrt553wm7emq,1502,1502,0.9167,0.8675,1.3424,292.9,0.65,22,10,49,1.2195,1.0,265054.88,0.2157,
bc1qdrvxt6lnphqe002xy2gnwwqhrs0zcv9vtua6y6,0,0,0.625,1.3555,1.3859,0.0,0.675,88,1,52,1.0,1.0,50121.38,0.0417,
bc1qdtvqfhfz0qdccdq04aa34f7tquyjp6c7drsqjl,0,0,1.0,0.0,0.0,0.0,0.85,19,0,411,0.9972,1.0,555469.76,0.0028,
bc1qe96j0vpuqlf2kkqmd35kkr2fxhlgkza9v9f56f,0,0,1.0,2.5166,0.3522,0.0,0.725,6,0,28,8.6667,1.0,3501483.41,0.9259,
bc1qekasja7a6xfwgaf7ada9nphmm82223tu2xcww2,0,0,1.0,1.4709,1.175,0.0,0.74,403,1,20,1.0,1.0,71144.92,0.1538,
bc1qekkjuu4tzvfsj60ry0paswax72efwcj0e9e9y6,6,6,1.0,1.5275,0.3239,1.5,0.74,97,4,10,1.75,1.0,1444399.38,0.625,
bc1qemtk73kflzjqflw0uwjfzg86f0pr88pw44ptdj,0,0,1.0,4.9497,0.5664,0.0,0.7833,58,0,28,0.9412,1.0,210363.35,0.0588,
bc1qeq3rrna3nwld0mxzkq6vxjqpm5zzdj50es6c28,0,0,1.0,6.3509,0.0378,0.0,0.85,36,0,70,0.9722,1.0,18427063.86,0.0278,
bc1qescmkt59gsghv04dmyp6rmsc38evtlyuvw9y2p,0,0,0.3333,2.824,2.0138,0.0,0.74,302,0,105,0.9868,1.0,767600.38,0.0132,
bc1qezqj82ejs0wp9fvdeam2a3sk50a7y2m723f22c,0,0,1.0,1.472,1.0091,0.0,0.74,391,0,159,0.9882,1.0,122771.06,0.0118,
bc1qfgmtqv6vfue0klxupk7w4tsdv8ws3kejtef7p5,0,0,1.0,5.5076,0.196,0.0,0.74,539,0,149,0.9873,1.0,150767.42,0.0127,
bc1qfgqh5h2duhxacxyk2hj8k7c6dpd9p5909egelk,29,29,1.0,1.6733,1.3933,12.11,0.74,158,18,18,18.0,1.0,299323.11,1.0,
bc1qflpq7ypvm224a50d2cpycwls8juwp30syc7h9z,0,0,1.0,1.7321,1.0242,0.0,0.74,471,0,119,0.9844,1.0,11299.58,0.0156,
bc1qfw2wmes6whcxpa4vggwsplh7j6l7pnzs4jx37e,174,174,1.0,4.5092,0.3589,32.34,0.675,2,71,73,36.0,1.0,239242.21,0.9863,
bc1qgl2g8rjedseyhcrdnkj6kw6huhnkt97w6c6hf8,0,0,0.375,2.4687,1.5652,0.0,0.85,24,0,99,0.9825,1.0,63263.91,0.0175,
bc1qgsv96csrzllhr98qyxql7ju6lsy5gnah4ecym9,0,0,1.0,2.1213,0.5128,0.0,0.74,607,1,58,1.0,1.0,535890.49,0.0488,
bc1qgyfq7ag9zfvg329g7a5g85uh30qqkz0hhynn2v,363,363,1.0,1.8409,1.7209,58.42,0.675,10,26,28,13.5,1.0,290550.68,0.9643,
bc1qh5c6uh03e4lww6pd59jfeayud0uphw26gm6fq8,0,0,1.0,1.2583,1.0026,0.0,0.675,28,1,31,1.0,1.0,159117.65,0.1176,
bc1qh85c2svq6mspmzeder65ggd02grsxsa5rw7m4u2lxar5v3vsj3hqqav79s,0,0,1.0,1.2514,0.6824,0.0,0.6167,22,1,25,1.0,1.0,44645.36,0.1429,
bc1qhkyuz2a5xrsr8jws45ktgha2yq938hhuz6cchu,0,0,1.0,3.5355,0.1651,0.0,0.725,17,0,248,0.9924,1.0,539875.83,0.0076,
bc1qhm5qf5zmjcmqt47ex2vxc75g7ga4eds6wvmgsj,0,0,1.0,2.8723,0.5848,0.0,0.74,380,0,208,0.9907,1.0,184812.16,0.0093,
bc1qhqspyppzyxrwgzc2lpyw0enfdys23hvvwp2cmw,434,434,1.0,1.3688,0.3891,216.85,0.74,611,61,95,3.069,1.0,135978.71,0.6889,
bc1qhr3nh7nl89pdygpr9awsddvacc85agjvmh3tf9,0,0,1.0,0.7071,0.6054,0.0,0.925,22,0,237,0.9935,1.0,620634.86,0.0065,
bc1qj84hm2kw5qf9nmsshtkxrv7jvq585ljnf66eyk,121,121,0.4,1.7823,2.0678,107.25,0.74,293,12,12,12.0,1.0,17686571.62,1.0,
bc1qjkxpqgvsgrrvhhe2j0cwm7vpzp7dc9vrx7n38h,32,32,0.6667,2.4621,2.4052,9.75,0.74,712,4,35,1.1154,1.0,91235.97,0.1667,
bc1qjnlc7dtt09xde6204sac9r5e0xuy26980s3ahl,0,0,1.0,4.1932,0.434,0.0,0.74,489,1,55,1.0,1.0,40101.3,0.0667,
bc1qjs62spa0mfymrfa37vseljjfqwrkcgl2e6vqkx,20,20,1.0,1.0195,0.5794,10.25,0.74,863,4,44,1.0769,1.0,61147.56,0.1163,
bc1qjsjvmrluhhydzsh5ah22r6j09h2mlg87k55cs8,0,0,1.0,0.0,0.0,0.0,0.8,21,1,563,1.0,1.0,274943.47,0.0065,
bc1qjyfzu666685veshsenufn7c479xufqy7e7tsms,0,0,0.7143,2.2001,2.358,0.0,0.74,438,0,80,0.9767,1.0,83259.95,0.0233,
bc1qk2gdh2j2wzd8v4pf8py3myldqj5fn9pnup8897,512,512,0.5556,0.5149,1.734,320.64,0.74,278,14,14,14.0,1.0,14540984.2,1.0,
bc1qk6fnffdgatt6mfye3yezkthp6nrjdnw07s4548,1080,1080,0.3143,0.5992,2.2142,434.12,0.65,11,24,67,1.8214,1.0,764674.83,0.4808,
bc1qk6pqe4euxdmdwedsry780w8n7qup2r764fm3r4,0,0,1.0,3.0551,0.3068,0.0,0.74,456,1,133,1.0,1.0,8229.16,0.0274,
bc1qkd2zg8m4sgectr2cl530jc2vqxr82ng4fs79cp,92,92,1.0,1.7939,0.8552,38.36,0.7375,198,33,33,33.0,1.0,832891.65,1.0,
bc1qkfe0vxyzc9lgzd42jdm5k34tlrfa3jt9yaweulh5tlehz3m8lspsz2fg9d,216,216,1.0,3.1015,0.6045,41.88,0.675,3,8,85,1.0909,1.0,349809468.11,0.1059,
bc1qkh8shn25tptaxfjyffa8pwmra4spvmc9g9stlp,1,1,1.0,0.9574,0.8217,0.5,0.65,65,4,69,1.0638,1.0,114919.63,0.098,
bc1qkjn08xxffccyzcjyft5aty3nr3qe0mv2z9mdph,0,0,1.0,10.6066,0.4809,0.0,0.74,140,0,112,0.9828,1.0,2042951.83,0.0172,
bc1qks70kp37zg7k8yel4uxk2dt95rmnrgty9uvdug,66,66,1.0,2.2828,1.2061,51.0,0.74,39,19,19,19.0,1.0,120441.55,1.0,
bc1qkulk6yws5cgk0jhwzrgr8yhmjf6u2z43xne57h,0,0,1.0,7.7782,0.6106,0.0,0.74,162,0,61,0.9744,1.0,164511.72,0.0256,
bc1qkzl5fcnjkhj4mcl6qz5lghza6qrypj0xucxvls,0,0,1.0,2.4381,1.7305,0.0,0.74,294,0,308,0.9964,1.0,307631.84,0.0036,
bc1ql30l6j2ckjenzqgwqdm5t6rkvhjjtkffpsd090,517,517,1.0,0.9284,0.8448,268.35,0.74,193,100,100,100.0,1.0,237467.45,1.0,
bc1qlpjelu7w8ktk9qwr262hjk040dhk2qj929482t,0,0,1.0,2.1213,1.3237,0.0,0.74,105,1,89,1.0,1.0,864011.29,0.0244,
bc1qm0qysmvf957k2yf9kc3zkdkyq6q5kp8cve2up6,1,1,1.0,2.0616,0.8233,0.33,0.675,43,3,87,1.0357,1.0,66305.34,0.0678,
bc1qm3whuuwjn3uy7c25n7t544dyj32hjlh0zuj5wn,0,0,1.0,2.708,0.8221,0.0,0.6833,37,1,16,1.0,1.0,114134.23,0.1538,
bc1qm92gne2e64f0v62s7xh67d70hh2s8mcm52zfy2,0,0,1.0,6.364,0.5329,0.0,0.675,80,0,137,0.9863,1.0,3159421.26,0.0137,
bc1qmch3rj4gyxuqm9cf96fklw4z35htla3t4zepsg,0,0,1.0,0.0,0.8171,0.0,0.85,36,0,24,0.9231,1.0,72969.23,0.0769,
bc1qmlqw98mny5vgrcsnxwwtvjl900e2sl8z8re343,156,156,1.0,2.8382,1.823,42.17,0.65,28,6,105,1.05,1.0,2381930.62,0.066,
bc1qmnnh508rxt0s6d3n3m9saegt5rjdmrjw5gs0fe,0,0,1.0,2.0817,1.4577,0.0,0.74,323,0,14,0.9,1.0,26887.5,0.1,
bc1qmr9a2m32aurluhrezegezv8g89le4vmef7xa64,0,0,1.0,1.9594,1.6953,0.0,0.65,79,0,341,0.9944,1.0,946166.89,0.0056,
bc1qn7k90ez5slduuuz39c5xlwlephv4rxtysjndqm,3,3,1.0,0.0,0.0,1.1,0.85,49,60,173,1.5221,1.0,20634.86,0.3526,
bc1qnahhz588q0ljgax85p2rusev0u8psucfrvdlwe,0,0,1.0,4.0415,0.9832,0.0,0.85,15,1,14,1.0,1.0,2637284.6,0.1333,
bc1qnl7y2glh7fyd0vf6luzah3fuhuayfrpccmzl5a,15,15,0.5556,1.5273,2.9558,7.5,0.675,35,2,36,1.0294,1.0,1359376.86,0.0833,
bc1qnlrc9msfugj2v6sms9and8jwvq64j2hrzckwhz,82,82,1.0,10.0747,1.3672,23.6,0.6875,69,5,136,1.0308,1.0,16549236.79,0.0444,
bc1qnpk9qaljfjgm52vnkxtl84h253lcu6y3j0wff8,0,0,0.2222,0.8144,2.5209,0.0,0.74,175,0,24,0.9231,1.0,1316840.92,0.0769,
bc1qnwvxejuvjm2v45tsfeuesw8z4vu4r092cfdyu2,3,3,0.625,2.1141,2.3843,1.5,0.74,43,2,47,1.027,1.0,1540438.28,0.0769,
bc1qnz5ma0q5j3875h0qq3drecqxy6fwnsr9uhu4dzxv6pajpukf505s033hxc,284,284,1.0,2.5391,0.8644,107.0,0.8,5,7,71,1.0968,1.0,606007623.52,0.1159,
bc1qpg5e0zjt8mun30psr6yk7kl5cexqjqeqhrcqxg,0,0,1.0,0.0,0.0,0.0,0.675,168,2,519,1.003,1.0,82187.18,0.0089,
bc1qpgea57y08p5vxwr6jh8kp96l5emq3psrv8k385,0,0,1.0,2.0619,0.9692,0.0,0.74,477,0,26,0.9333,1.0,1004643.13,0.0667,
bc1qpmk0nwlzjnxqwg76uldc6phajavwgv4thnvhyl,15,15,1.0,2.7142,0.6739,4.71,0.74,833,7,46,1.1463,1.0,405345.79,0.1667,
bc1qpthrep5at9rrvfxyuwwm93q7wj2nu04z9dyzmd,0,0,1.0,4.5461,0.1749,0.0,0.74,737,0,24,0.9444,1.0,388204.94,0.0556,
bc1qpwc254kh4n7vh5s258t0ya3aez8ej94tl9vyz4,0,0,1.0,1.8559,0.9622,0.0,0.85,27,0,114,0.9828,1.0,47847.02,0.0172,
bc1qpwps90t6legx3csq7df4zfxav8sezr60gx7edh,2,2,1.0,7.7782,0.7006,1.0,0.675,3,2,474,1.0021,1.0,605266.0,0.0064,
bc1qq0jf4ksspdy7cz65fc024alfj7a86hz4dnqdxk,0,0,1.0,0.0,0.0,0.0,0.8167,45,6,409,1.0146,1.0,1909674.57,0.0201,
bc1qq40fqcuguc5p7jz4ghyjuqpeql4hcjkj72qd0f,8,8,1.0,6.4485,0.0723,3.33,0.62,78,3,319,1.0064,1.0,577278.64,0.0127,
bc1qq7354f24smmhy050hz0myjyn9rlx5akv2l2gev,0,0,1.0,0.7071,0.1185,0.0,0.74,586,0,186,0.9894,1.0,245561.38,0.0106,
bc1qq7z0l6txnad5y522krwxvnmdrmdyaaf5khppsa,0,0,1.0,2.0817,0.4445,0.0,0.85,5,0,386,0.9948,1.0,616041.24,0.0052,
bc1qqjwk4hhvkfdmc8ytjuvpxmy4s2p7rex6rfj9a8,28,28,0.6667,2.2124,1.6974,11.5,0.74,100,14,31,1.9286,1.0,274460.5,0.5357,
bc1qqllxr08nduvk8lkqjny8j4lca2g9ludtur5en0,0,0,1.0,1.6021,1.2396,0.0,0.85,32,1,88,1.0,1.0,122790.63,0.0435,
bc1qqvj0dmg7chta0hpnvguszw34z8ysyxaryta3ry,0,0,1.0,1.7873,0.9175,0.0,0.74,439,0,112,0.9825,1.0,12206.49,0.0175,
bc1qqyrkykg2n7avp44j5mfgv7gjqymv8n7rxyhwtj,0,0,1.0,16.2635,1.1119,0.0,0.725,14,0,224,0.9917,1.0,213106.55,0.0083,
bc1qqz74662y5r65re9asje58ge9fee3wuclpg8k9d,37,37,1.0,1.4194,0.925,18.57,0.74,631,7,73,1.0714,1.0,19058.13,0.0879,
bc1qrthkqm674acu8y24vg576z0fcpmdwtq7utgx6c,16,16,1.0,0.0,0.0,4.54,0.675,22,13,503,1.0399,1.0,352555.08,0.0446,
bc1qs4n0vyyeakt0g6hrursk3w2h03g30dr8f6uywf,0,0,1.0,1.2367,1.1021,0.0,0.74,558,0,18,0.9,1.0,141911.6,0.1,
bc1qsvdtcydnl3nw47stumx0t0c82yzqz4m3wyyk02,0,0,1.0,1.5166,1.1161,0.0,0.85,13,1,13,1.0,1.0,36260234.38,0.25,
bc1qt730q8a70sf26kczuer3dex5qtl7k9k60hgh66,0,0,0.6,1.6438,1.4771,0.0,0.74,271,0,51,0.963,1.0,65976.56,0.037,
bc1qt7sllr6lcy8m0r6ewukf4s3j9yjf7sk8wxka9h,0,0,1.0,9.1924,0.8684,0.0,0.725,39,1,49,1.0,1.0,87929.35,0.0769,
bc1qtdphyj8hj4ng2nsrty5ttgfj33dlhump9akc9l,256,256,0.7,0.5799,2.1659,116.15,0.5875,36,13,12,13.0,1.0,89538.79,1.0,
bc1qugd38za0z0xw7ysave7j3xdsm26v6snx5atp9x,5,5,1.0,2.1213,0.5377,2.77,0.74,660,13,575,1.0382,1.0,11046.56,0.0428,
bc1quh7qnaxa5hhslz594v240pmfm7d2ue3j26z2lm,0,0,1.0,2.5495,0.8277,0.0,0.7,18,3,29,1.0769,1.0,1479803.66,0.1379,
bc1qultuw9u3n7vrs2rguuxhnxn072gr2t5etsg20e,0,0,1.0,3.0,1.2176,0.0,0.65,26,0,132,0.9851,1.0,580839.06,0.0149,
bc1quuwlv53tvzfyl5ypxjnpuuuqza53hmj2zrfq8l,73,73,1.0,1.8409,0.6001,18.0,0.74,439,9,55,1.1951,1.0,481015.94,0.2,
bc1quvvdv8h4hql6ke4alf5q4p2qprcnzg6pd3xspx,0,0,0.75,3.1013,0.9798,0.0,0.65,29,2,356,1.003,1.0,482530.5,0.0089,
bc1qv4nh53r3dmpc39mtrrvgu7pk9p52gu55z95md4,0,0,1.0,2.7538,1.1802,0.0,0.74,23,0,43,0.96,1.0,88546.2,0.04,
bc1qv7r8ludd03tp6zrl00a22ppcvw4ggq8xz0c8uq,0,0,1.0,5.7373,1.0515,0.0,0.65,41,0,373,0.9952,1.0,756867.56,0.0048,
bc1qvyt8eycr0cps39s7fd7jwuvufpnyhdun0ut75v,0,0,1.0,3.3166,0.172,0.0,0.74,358,0,170,0.9891,1.0,493954.6,0.0109,
bc1qwh3jhucdat8lq4c37whe0ec0rw7njy4m2cu3pv,0,0,1.0,0.0,0.0,0.0,0.675,60,0,401,0.9966,1.0,921413.89,0.0034,
bc1qwtm24wna9p8u90yhxaw8znqfyhtlnczaqalnsf,0,0,1.0,2.4889,0.8115,0.0,0.65,12,0,471,0.9962,1.0,6074360.0,0.0038,
bc1qwu96f5zy4ycuhffphlamjfk5y9apmpq47ytjlp,3,3,1.0,2.149,1.4068,1.33,0.74,458,3,82,1.0377,1.0,10596.75,0.0714,
bc1qx9zlcelhrhmcqfdynz442a6d4xwjr3lgz28ufz,0,0,1.0,14.8492,1.2611,0.0,0.85,57,0,218,0.9912,1.0,47358.19,0.0088,
bc1qxghtu2xteqnele5q3x4tv25ul0zkul2ngjk83p,0,0,0.3333,2.8617,2.9164,0.0,0.675,75,0,89,0.9792,1.0,423680.81,0.0208,
bc1qxjxghyt3vg23hmqu2228rj84avzatcvt473y8w,0,0,1.0,3.383,0.7437,0.0,0.74,222,1,62,1.0,1.0,157299.88,0.0488,
bc1qxjzet8gc096ty802fpnfxpm4rwmmnwmvvx3z67,0,0,1.0,4.0866,1.322,0.0,0.5875,42,1,14,1.0,1.0,184560.85,0.1538,
bc1qy99cr48a26s8v5dtd59psam3earpd0tpxanfg5,0,0,0.5,1.1358,1.3055,0.0,0.85,21,0,14,0.875,1.0,81080.12,0.125,
bc1qygn0a2cpd82wl3us2rl7wulnaa05vhyue0zx0s,0,0,1.0,3.304,1.327,0.0,0.85,3,1,336,1.0,1.0,739933.69,0.0108,
bc1qyh7hmm36p5r8p2v8hg337nscjalcxzr7rk3y8l,0,0,0.4118,1.2533,1.8683,0.0,0.74,525,0,52,0.963,1.0,665279.89,0.037,
bc1qynqdj9h0yc3z9mpcfsve72stsm0w0utc9rzrqs,0,0,0.1765,0.5967,4.1089,0.0,0.5833,9,0,10,0.875,1.0,6965045.88,0.125,
bc1qyp5cpep8up26herq7p0awfw5dqfh8fg43evt68,0,0,1.0,5.1316,0.9185,0.0,0.85,38,1,229,1.0,1.0,77131.55,0.0168,
bc1qyrt22sxkxsme8r0x20a0kus3rl6vau2lv4akt8,73,73,1.0,4.0415,0.4548,21.0,0.85,13,6,101,1.0735,1.0,615741.86,0.0946,
bc1qz5xjh9dqqg803lvu7hztg4970mdsat4p52nach,0,0,1.0,6.1305,0.4574,0.0,0.675,9,0,51,0.9714,1.0,16538022.14,0.0286,
bc1qz7m2lpgkapeye6k8vyxyxuffeuw5e0cr8g2g48,0,0,1.0,7.7782,0.9236,0.0,0.85,11,0,295,0.9934,1.0,182867.26,0.0066,
bc1qzehkcvj46zvsrzp4xzk58cqm94aa06cekpsu4w9kxg0d9fcqcygswtwu8h,3,3,1.0,0.0,0.0,1.3,0.675,48,20,188,1.1152,1.0,463315.36,0.1135,
bc1qzq0gx47tra9d4u8pmltqyvemm43rk40smekhgs,0,0,1.0,3.2146,1.1632,0.0,0.74,176,0,423,0.9972,1.0,2187510.72,0.0028,
bc1qzwy2a4q8ylxmmlfw5l2lk2pnefl45hw3l8yphh,0,0,1.0,2.4608,0.5801,0.0,0.85,27,0,159,0.988,1.0,218049.4,0.012,
12seacZdWeJ7yDeWXMKTNDX2vxyn8qbcen,197,197,0.875,0.6859,1.662,65.81,0.65,183,16,16,16.0,1.0,149837.06,1.0,
bc1qj5zdufzvnu4jrv2dgpycuvy7muahvk0tfxy8fa,0,0,1.0,3.304,1.4015,0.0,0.74,101,1,47,1.0,1.0,221888.65,0.0435,
bc1q0ufkuxtu4n05akuad97yuw0usq5ue26hvf9ndx,0,0,0.3571,0.6929,1.4602,0.0,0.85,20,1,13,1.0,1.0,267732.75,0.25,
bc1qszj7n3234ff0dll2ehpr9m6av820s35cq5p5nc,27,27,1.0,3.1136,1.1576,12.56,0.74,29,9,42,1.4444,1.0,70814.7,0.3704,
bc1qx8qhkgne2rznncuhkax3j24z3fne8wur2e5c7uq4d82jttr70lzs342lax,0,0,1.0,0.7071,0.8573,0.0,0.8,17,0,163,0.988,1.0,174651.24,0.012,
3G5kt6wGz21r5krLRGwiRRL1t6PbPixMzP,0,0,1.0,0.0,0.0,0.0,0.675,59,0,19,0.9091,1.0,6454869.18,0.0909,
bc1qqtl7hy9erde5urmwpadyek2fhng8q2xtaqgz6e,0,0,1.0,2.9269,0.6277,0.0,0.6833,164,2,67,1.0182,1.0,885994.33,0.0526,
bc1qc7m3hyz9dtnw9admxsgegkgzdfvajrnaygya34,0,0,1.0,2.6992,1.2242,0.0,0.74,336,1,34,1.0,1.0,34265.67,0.0952,
live,2044,2044,1.0,1.7115,1.8708,857.32,0.67,43,179,179,179.0,0.9863,38538991374.95,1.0,83.5
live,0,0,1.0,3.4303,0.7222,0.0,0.74,361,0,441,0.9956,0.9945,19221.4,0.0044,47.5
live,0,0,1.0,1.8077,0.498,0.0,0.74,217,0,105,0.9825,1.0,34789.86,0.0175,46.4
live,0,0,1.0,3.4303,0.7222,0.0,0.74,361,0,441,0.9956,0.9945,19221.4,0.0044,47.5
live,76,76,1.0,4.7871,1.2055,18.25,0.85,11,8,103,1.1029,0.9973,610874.03,0.1184,40.3
live,0,0,1.0,7.0238,0.7984,0.0,0.65,27,0,375,0.9952,0.9945,753589.15,0.0048,40.4
live,0,0,0.7143,2.2742,1.0682,0.0,0.675,6,0,207,0.991,0.9918,414416.9,0.009,33.9
live,0,0,1.0,2.8284,0.416,0.0,0.675,12,0,80,0.9762,1.0,6343828.69,0.0238,41.3
live,389,389,1.0,7.5056,0.506,233.0,0.675,4,6,362,1.014,0.9973,64351275.48,0.0193,52.5
live,0,0,0.1463,0.6612,3.3972,0.0,0.74,247,0,22,0.9167,0.9918,809464825.75,0.0833,39.1
